t,x_0,x_1,x_2,x_3,x_4,x_5,x_6,x_7,x_8,x_9,x_10,x_11,x_12,x_13,x_14,x_15,x_16,x_17,x_18,x_19
0.0,1500.0,25.0,25.0,25.0,25.0,25.0,25.0,25.0,25.0,25.0,25.0,25.0,25.0,25.0,25.0,25.0,25.0,25.0,25.0,25.0
0.25,1500.0,688.75,25.0,25.0,25.0,25.0,25.0,25.0,25.0,25.0,25.0,25.0,25.0,25.0,25.0,25.0,25.0,25.0,25.0,25.0
0.5,1500.0,755.12,323.69,25.0,25.0,25.0,25.0,25.0,25.0,25.0,25.0,25.0,25.0,25.0,25.0,25.0,25.0,25.0,25.0,25.0
0.75,1500.0,896.17,383.43,159.41,25.0,25.0,25.0,25.0,25.0,25.0,25.0,25.0,25.0,25.0,25.0,25.0,25.0,25.0,25.0,25.0
1.0,1500.0,937.16,513.35,199.73,85.48,25.0,25.0,25.0,25.0,25.0,25.0,25.0,25.0,25.0,25.0,25.0,25.0,25.0,25.0,25.0
1.25,1500.0,999.73,562.94,289.45,109.68,52.22,25.0,25.0,25.0,25.0,25.0,25.0,25.0,25.0,25.0,25.0,25.0,25.0,25.0,25.0
1.5,1500.0,1028.29,636.42,331.62,164.72,65.83,37.25,25.0,25.0,25.0,25.0,25.0,25.0,25.0,25.0,25.0,25.0,25.0,25.0,25.0
1.75,1500.0,1064.22,675.6,393.68,195.32,97.47,44.6,30.51,25.0,25.0,25.0,25.0,25.0,25.0,25.0,25.0,25.0,25.0,25.0,25.0
1.99,1500.0,1085.44,723.61,431.29,240.55,117.71,62.05,34.37,27.48,25.0,25.0,25.0,25.0,25.0,25.0,25.0,25.0,25.0,25.0,25.0
2.24,1500.0,1109.17,754.89,477.0,271.1,147.94,74.64,43.73,29.46,26.12,25.0,25.0,25.0,25.0,25.0,25.0,25.0,25.0,25.0,25.0
2.49,1500.0,1125.62,789.27,509.4,308.33,170.38,93.71,51.22,34.38,27.12,25.05,25.0,25.0,25.0,25.0,25.0,25.0,25.0,25.0,25.0
2.74,1500.0,1142.73,814.68,544.86,336.73,197.96,109.09,62.76,38.69,29.45,25.14,25.0,25.0,25.0,25.0,25.0,25.0,25.0,25.0,25.0
2.99,1500.0,1155.88,840.88,572.62,367.94,220.42,128.23,72.78,45.37,31.67,25.33,25.01,25.0,25.0,25.0,25.0,25.0,25.0,25.0,25.0
3.24,1500.0,1168.99,861.91,601.23,393.66,245.32,144.76,85.4,51.54,34.98,25.6,25.02,25.0,25.0,25.0,25.0,25.0,25.0,25.0,25.0
3.49,1500.0,1179.76,882.79,625.13,420.32,266.82,163.3,96.87,59.32,38.21,26.0,25.05,25.0,25.0,25.0,25.0,25.0,25.0,25.0,25.0
3.74,1500.0,1190.23,900.48,648.91,443.41,289.31,179.99,109.87,66.72,42.21,26.5,25.09,25.0,25.0,25.0,25.0,25.0,25.0,25.0,25.0
3.99,1500.0,1199.24,917.66,669.64,466.54,309.46,197.63,122.01,75.11,46.17,27.15,25.15,25.01,25.0,25.0,25.0,25.0,25.0,25.0,25.0
4.24,1500.0,1207.87,932.76,689.86,487.25,329.82,213.92,134.93,83.19,50.63,27.91,25.23,25.01,25.0,25.0,25.0,25.0,25.0,25.0,25.0
4.49,1500.0,1215.53,947.25,707.99,507.58,348.51,230.53,147.2,91.82,55.06,28.81,25.34,25.02,25.0,25.0,25.0,25.0,25.0,25.0,25.0
4.74,1500.0,1222.82,960.31,725.47,526.18,367.0,246.12,159.78,100.2,59.79,29.84,25.48,25.04,25.0,25.0,25.0,25.0,25.0,25.0,25.0
4.99,1500.0,1229.42,972.76,741.47,544.23,384.24,261.66,171.82,108.83,64.5,30.99,25.66,25.05,25.0,25.0,25.0,25.0,25.0,25.0,25.0
5.24,1500.0,1235.69,984.18,756.79,560.99,401.08,276.39,183.9,117.23,69.37,32.26,25.87,25.08,25.01,25.0,25.0,25.0,25.0,25.0,25.0
5.48,1500.0,1241.45,995.03,771.01,577.14,416.93,290.88,195.52,125.69,74.2,33.64,26.12,25.11,25.01,25.0,25.0,25.0,25.0,25.0,25.0
5.73,1500.0,1246.91,1005.11,784.58,592.29,432.3,304.69,207.01,133.95,79.12,35.13,26.42,25.15,25.01,25.0,25.0,25.0,25.0,25.0,25.0
5.98,1500.0,1251.99,1014.68,797.29,606.83,446.87,318.16,218.09,142.15,84.0,36.72,26.75,25.2,25.02,25.0,25.0,25.0,25.0,25.0,25.0
6.23,1500.0,1256.81,1023.64,809.41,620.55,460.93,331.05,228.95,150.15,88.89,38.4,27.13,25.26,25.03,25.0,25.0,25.0,25.0,25.0,25.0
6.48,1500.0,1261.32,1032.16,820.83,633.71,474.31,343.55,239.43,158.04,93.74,40.16,27.55,25.34,25.04,25.0,25.0,25.0,25.0,25.0,25.0
6.73,1500.0,1265.6,1040.18,831.72,646.18,487.2,355.54,249.66,165.73,98.57,42.0,28.02,25.42,25.05,25.0,25.0,25.0,25.0,25.0,25.0
6.98,1500.0,1269.64,1047.82,842.04,658.13,499.5,367.14,259.54,173.28,103.34,43.92,28.53,25.52,25.06,25.01,25.0,25.0,25.0,25.0,25.0
7.23,1500.0,1273.48,1055.04,851.88,669.5,511.32,378.28,269.14,180.62,108.07,45.9,29.09,25.64,25.08,25.01,25.0,25.0,25.0,25.0,25.0
7.48,1500.0,1277.11,1061.92,861.23,680.39,522.63,389.04,278.42,187.81,112.74,47.94,29.69,25.77,25.1,25.01,25.0,25.0,25.0,25.0,25.0
7.73,1500.0,1280.57,1068.45,870.16,690.78,533.51,399.38,287.42,194.8,117.36,50.04,30.34,25.92,25.13,25.02,25.0,25.0,25.0,25.0,25.0
7.98,1500.0,1283.86,1074.68,878.67,700.73,543.92,409.36,296.12,201.63,121.91,52.18,31.02,26.08,25.16,25.02,25.0,25.0,25.0,25.0,25.0
8.23,1500.0,1286.99,1080.6,886.8,710.24,553.93,418.96,304.56,208.28,126.41,54.37,31.75,26.26,25.19,25.03,25.0,25.0,25.0,25.0,25.0
8.48,1500.0,1289.97,1086.27,894.56,719.35,563.53,428.21,312.71,214.76,130.83,56.59,32.52,26.46,25.23,25.03,25.0,25.0,25.0,25.0,25.0
8.73,1500.0,1292.82,1091.66,901.98,728.08,572.76,437.13,320.61,221.07,135.19,58.85,33.33,26.68,25.28,25.04,25.0,25.0,25.0,25.0,25.0
8.98,1500.0,1295.53,1096.83,909.08,736.44,581.62,445.73,328.25,227.22,139.48,61.14,34.18,26.91,25.33,25.05,25.01,25.0,25.0,25.0,25.0
9.22,1500.0,1298.12,1101.76,915.88,744.46,590.14,454.01,335.65,233.2,143.71,63.45,35.07,27.17,25.39,25.06,25.01,25.0,25.0,25.0,25.0
9.47,1500.0,1300.6,1106.48,922.39,752.15,598.33,462.01,342.81,239.03,147.86,65.78,35.99,27.45,25.46,25.07,25.01,25.0,25.0,25.0,25.0
9.72,1500.0,1302.98,1110.99,928.62,759.54,606.2,469.71,349.75,244.71,151.95,68.14,36.95,27.74,25.53,25.09,25.01,25.0,25.0,25.0,25.0
9.97,1500.0,1305.24,1115.32,934.6,766.63,613.78,477.15,356.46,250.24,155.98,70.5,37.94,28.06,25.61,25.1,25.02,25.0,25.0,25.0,25.0
10.22,1500.0,1307.42,1119.46,940.33,773.43,621.08,484.33,362.97,255.62,159.93,72.89,38.96,28.39,25.7,25.12,25.02,25.0,25.0,25.0,25.0
10.47,1500.0,1309.5,1123.43,945.84,779.98,628.1,491.25,369.27,260.87,163.82,75.28,40.01,28.74,25.79,25.14,25.02,25.0,25.0,25.0,25.0
10.72,1500.0,1311.5,1127.24,951.12,786.27,634.87,497.94,375.38,265.98,167.65,77.67,41.09,29.12,25.89,25.17,25.03,25.0,25.0,25.0,25.0
10.97,1500.0,1313.41,1130.9,956.19,792.32,641.38,504.41,381.3,270.96,171.41,80.08,42.2,29.51,26.01,25.19,25.03,25.0,25.0,25.0,25.0
11.22,1500.0,1315.25,1134.41,961.07,798.14,647.66,510.65,387.05,275.82,175.11,82.48,43.33,29.92,26.13,25.22,25.04,25.01,25.0,25.0,25.0
11.47,1500.0,1317.01,1137.78,965.76,803.74,653.72,516.68,392.61,280.55,178.74,84.89,44.49,30.36,26.26,25.26,25.05,25.01,25.0,25.0,25.0
11.72,1500.0,1318.7,1141.02,970.26,809.14,659.57,522.52,398.02,285.17,182.32,87.29,45.67,30.81,26.4,25.29,25.05,25.01,25.0,25.0,25.0
11.97,1500.0,1320.33,1144.14,974.6,814.34,665.2,528.16,403.26,289.67,185.84,89.7,46.87,31.28,26.55,25.33,25.06,25.01,25.0,25.0,25.0
12.22,1500.0,1321.89,1147.13,978.77,819.34,670.65,533.63,408.35,294.06,189.3,92.1,48.1,31.77,26.7,25.37,25.07,25.01,25.0,25.0,25.0
12.47,1500.0,1323.4,1150.01,982.79,824.17,675.9,538.91,413.29,298.35,192.7,94.49,49.34,32.27,26.87,25.42,25.08,25.01,25.0,25.0,25.0
12.71,1500.0,1324.85,1152.79,986.66,828.83,680.98,544.03,418.1,302.53,196.05,96.88,50.61,32.8,27.05,25.47,25.09,25.02,25.0,25.0,25.0
12.96,1500.0,1326.24,1155.46,990.39,833.32,685.88,548.99,422.76,306.62,199.34,99.26,51.89,33.34,27.24,25.52,25.11,25.02,25.0,25.0,25.0
13.21,1500.0,1327.58,1158.03,993.99,837.66,690.63,553.79,427.3,310.61,202.58,101.63,53.19,33.9,27.44,25.58,25.12,25.02,25.0,25.0,25.0
13.46,1500.0,1328.87,1160.51,997.46,841.84,695.21,558.45,431.71,314.5,205.76,103.99,54.5,34.48,27.64,25.64,25.14,25.03,25.0,25.0,25.0
13.71,1500.0,1330.12,1162.9,1000.8,845.89,699.65,562.96,436.0,318.31,208.9,106.35,55.82,35.07,27.86,25.71,25.16,25.03,25.01,25.0,25.0
13.96,1500.0,1331.32,1165.2,1004.03,849.79,703.95,567.34,440.17,322.04,211.99,108.69,57.16,35.68,28.09,25.78,25.18,25.04,25.01,25.0,25.0
14.21,1500.0,1332.47,1167.43,1007.15,853.57,708.1,571.59,444.24,325.68,215.02,111.02,58.52,36.31,28.33,25.86,25.2,25.04,25.01,25.0,25.0
14.46,1500.0,1333.59,1169.57,1010.16,857.22,712.13,575.71,448.19,329.23,218.01,113.33,59.88,36.95,28.57,25.94,25.22,25.05,25.01,25.0,25.0
14.71,1500.0,1334.67,1171.65,1013.08,860.76,716.03,579.72,452.04,332.72,220.96,115.64,61.25,37.6,28.83,26.03,25.24,25.05,25.01,25.0,25.0
14.96,1500.0,1335.71,1173.65,1015.89,864.17,719.82,583.61,455.8,336.12,223.86,117.93,62.64,38.27,29.1,26.12,25.27,25.06,25.01,25.0,25.0
15.21,1500.0,1336.71,1175.58,1018.61,867.48,723.48,587.39,459.46,339.46,226.71,120.21,64.03,38.96,29.38,26.21,25.3,25.07,25.01,25.0,25.0
15.46,1500.0,1337.68,1177.45,1021.24,870.69,727.04,591.06,463.03,342.72,229.52,122.47,65.43,39.65,29.67,26.32,25.33,25.07,25.01,25.0,25.0
15.71,1500.0,1338.62,1179.26,1023.79,873.8,730.49,594.64,466.51,345.92,232.29,124.72,66.83,40.36,29.97,26.42,25.36,25.08,25.02,25.0,25.0
15.96,1500.0,1339.53,1181.01,1026.25,876.81,733.84,598.11,469.9,349.05,235.02,126.96,68.25,41.09,30.27,26.53,25.4,25.09,25.02,25.0,25.0
16.2,1500.0,1340.41,1182.7,1028.64,879.72,737.1,601.5,473.21,352.12,237.71,129.18,69.67,41.82,30.59,26.65,25.44,25.1,25.02,25.0,25.0
16.45,1500.0,1341.26,1184.34,1030.96,882.56,740.26,604.79,476.45,355.13,240.35,131.39,71.09,42.57,30.92,26.77,25.47,25.11,25.02,25.0,25.0
16.7,1500.0,1342.08,1185.93,1033.2,885.3,743.33,608.0,479.61,358.07,242.97,133.58,72.52,43.33,31.26,26.9,25.52,25.13,25.03,25.01,25.0
16.95,1500.0,1342.88,1187.47,1035.38,887.97,746.32,611.12,482.69,360.96,245.54,135.75,73.96,44.1,31.61,27.04,25.56,25.14,25.03,25.01,25.0
17.2,1500.0,1343.65,1188.96,1037.49,890.56,749.22,614.17,485.71,363.8,248.08,137.91,75.39,44.88,31.96,27.17,25.61,25.15,25.04,25.01,25.0
17.45,1500.0,1344.4,1190.41,1039.53,893.07,752.05,617.14,488.66,366.58,250.58,140.06,76.83,45.67,32.33,27.32,25.66,25.17,25.04,25.01,25.0
17.7,1500.0,1345.12,1191.81,1041.52,895.52,754.8,620.03,491.54,369.31,253.04,142.18,78.28,46.47,32.7,27.47,25.71,25.19,25.04,25.01,25.0
17.95,1500.0,1345.83,1193.17,1043.45,897.9,757.48,622.86,494.36,371.99,255.48,144.3,79.72,47.29,33.09,27.63,25.77,25.2,25.05,25.01,25.0
18.2,1500.0,1346.51,1194.49,1045.32,900.21,760.09,625.61,497.12,374.63,257.88,146.39,81.17,48.11,33.48,27.79,25.83,25.22,25.05,25.01,25.0
18.45,1500.0,1347.17,1195.77,1047.15,902.46,762.63,628.3,499.82,377.21,260.25,148.48,82.62,48.94,33.88,27.96,25.89,25.24,25.06,25.01,25.0
18.7,1500.0,1347.82,1197.02,1048.92,904.64,765.1,630.93,502.46,379.75,262.58,150.54,84.06,49.77,34.29,28.13,25.95,25.26,25.07,25.01,25.0
18.95,1500.0,1348.44,1198.23,1050.64,906.77,767.52,633.5,505.05,382.25,264.89,152.59,85.51,50.62,34.71,28.31,26.02,25.28,25.07,25.02,25.0
19.2,1500.0,1349.05,1199.41,1052.32,908.85,769.87,636.01,507.59,384.7,267.17,154.63,86.96,51.47,35.14,28.49,26.09,25.31,25.08,25.02,25.0
19.45,1500.0,1349.64,1200.56,1053.95,910.87,772.17,638.46,510.08,387.11,269.41,156.65,88.41,52.34,35.58,28.69,26.16,25.33,25.09,25.02,25.0
19.7,1500.0,1350.21,1201.67,1055.54,912.84,774.42,640.86,512.51,389.48,271.63,158.65,89.86,53.21,36.02,28.88,26.24,25.36,25.09,25.02,25.0
19.94,1500.0,1350.77,1202.75,1057.08,914.76,776.61,643.2,514.9,391.81,273.82,160.64,91.3,54.08,36.47,29.08,26.32,25.39,25.1,25.02,25.0
20.19,1500.0,1351.32,1203.81,1058.59,916.64,778.75,645.5,517.25,394.11,275.99,162.61,92.75,54.96,36.93,29.29,26.4,25.42,25.11,25.03,25.0
20.44,1500.0,1351.85,1204.84,1060.06,918.47,780.84,647.75,519.55,396.37,278.12,164.57,94.19,55.85,37.4,29.51,26.49,25.45,25.12,25.03,25.0
20.69,1500.0,1352.36,1205.84,1061.49,920.25,782.88,649.95,521.81,398.59,280.23,166.51,95.63,56.75,37.88,29.72,26.57,25.48,25.13,25.03,25.0
20.94,1500.0,1352.87,1206.82,1062.89,921.99,784.88,652.1,524.02,400.78,282.32,168.44,97.07,57.65,38.36,29.95,26.67,25.51,25.14,25.04,25.0
21.19,1500.0,1353.36,1207.77,1064.25,923.7,786.83,654.22,526.2,402.93,284.38,170.35,98.51,58.55,38.85,30.18,26.76,25.55,25.16,25.04,25.0
21.44,1500.0,1353.83,1208.7,1065.59,925.36,788.74,656.28,528.34,405.05,286.42,172.25,99.95,59.47,39.34,30.42,26.86,25.58,25.17,25.04,25.0
21.69,1500.0,1354.3,1209.61,1066.89,926.98,790.61,658.31,530.44,407.14,288.43,174.14,101.38,60.38,39.85,30.66,26.96,25.62,25.18,25.05,25.0
21.94,1500.0,1354.75,1210.49,1068.16,928.57,792.45,660.3,532.5,409.2,290.42,176.0,102.81,61.3,40.36,30.91,27.07,25.66,25.19,25.05,25.0
22.19,1500.0,1355.2,1211.36,1069.4,930.13,794.24,662.26,534.53,411.23,292.39,177.86,104.23,62.23,40.88,31.16,27.18,25.71,25.21,25.05,25.0
22.44,1500.0,1355.63,1212.2,1070.61,931.65,796.0,664.17,536.52,413.23,294.33,179.7,105.66,63.16,41.4,31.42,27.29,25.75,25.22,25.06,25.0
22.69,1500.0,1356.05,1213.03,1071.79,933.14,797.72,666.05,538.48,415.21,296.25,181.53,107.08,64.09,41.93,31.68,27.41,25.8,25.24,25.06,25.0
22.94,1500.0,1356.47,1213.83,1072.95,934.59,799.41,667.9,540.41,417.15,298.16,183.34,108.49,65.03,42.47,31.95,27.53,25.84,25.26,25.07,25.0
23.19,1500.0,1356.87,1214.62,1074.09,936.02,801.06,669.71,542.31,419.07,300.04,185.14,109.9,65.97,43.01,32.22,27.65,25.89,25.28,25.07,25.0
23.43,1500.0,1357.27,1215.39,1075.2,937.42,802.68,671.49,544.18,420.96,301.9,186.92,111.31,66.91,43.56,32.5,27.78,25.94,25.29,25.08,25.0
23.68,1500.0,1357.65,1216.15,1076.29,938.79,804.28,673.24,546.02,422.83,303.74,188.69,112.72,67.86,44.11,32.79,27.91,26.0,25.31,25.09,25.0
23.93,1500.0,1358.03,1216.89,1077.35,940.13,805.84,674.96,547.83,424.68,305.56,190.45,114.12,68.81,44.67,33.08,28.04,26.05,25.33,25.09,25.0
24.18,1500.0,1358.4,1217.61,1078.39,941.45,807.38,676.65,549.62,426.5,307.36,192.2,115.51,69.76,45.23,33.37,28.18,26.11,25.36,25.1,25.0
24.43,1500.0,1358.77,1218.32,1079.42,942.74,808.88,678.31,551.38,428.29,309.15,193.93,116.9,70.72,45.8,33.67,28.32,26.17,25.38,25.11,25.0
24.68,1500.0,1359.12,1219.01,1080.42,944.01,810.36,679.95,553.11,430.07,310.91,195.65,118.29,71.67,46.38,33.98,28.46,26.23,25.4,25.11,25.0
24.93,1500.0,1359.47,1219.69,1081.4,945.25,811.82,681.56,554.82,431.82,312.66,197.35,119.68,72.63,46.96,34.29,28.61,26.29,25.43,25.12,25.0
25.18,1500.0,1359.81,1220.36,1082.37,946.47,813.25,683.14,556.5,433.55,314.39,199.05,121.05,73.59,47.54,34.6,28.76,26.36,25.45,25.13,25.0
25.43,1500.0,1360.14,1221.02,1083.31,947.67,814.65,684.7,558.16,435.26,316.11,200.73,122.43,74.56,48.13,34.92,28.92,26.43,25.48,25.14,25.0
25.68,1500.0,1360.47,1221.66,1084.24,948.85,816.03,686.23,559.8,436.95,317.8,202.4,123.8,75.52,48.73,35.25,29.07,26.5,25.5,25.15,25.0
25.93,1500.0,1360.79,1222.29,1085.15,950.01,817.39,687.75,561.41,438.61,319.48,204.05,125.16,76.49,49.33,35.58,29.24,26.57,25.53,25.16,25.0
26.18,1500.0,1361.11,1222.9,1086.05,951.15,818.73,689.24,563.0,440.26,321.15,205.7,126.52,77.46,49.93,35.91,29.4,26.64,25.56,25.17,25.0
26.43,1500.0,1361.42,1223.51,1086.93,952.26,820.04,690.7,564.58,441.89,322.8,207.33,127.88,78.43,50.54,36.25,29.57,26.72,25.59,25.18,25.0
26.68,1500.0,1361.72,1224.11,1087.79,953.36,821.34,692.15,566.13,443.51,324.43,208.95,129.23,79.4,51.15,36.59,29.74,26.79,25.63,25.19,25.0
26.93,1500.0,1362.02,1224.69,1088.64,954.45,822.61,693.57,567.66,445.1,326.05,210.56,130.57,80.37,51.77,36.94,29.92,26.87,25.66,25.2,25.0
27.17,1500.0,1362.31,1225.27,1089.48,955.51,823.87,694.98,569.17,446.68,327.65,212.16,131.91,81.34,52.39,37.29,30.1,26.96,25.69,25.21,25.0
27.42,1500.0,1362.6,1225.83,1090.3,956.56,825.11,696.37,570.66,448.24,329.24,213.74,133.25,82.31,53.01,37.64,30.28,27.04,25.73,25.22,25.0
27.67,1500.0,1362.88,1226.39,1091.1,957.59,826.33,697.73,572.14,449.78,330.82,215.32,134.58,83.29,53.64,38.0,30.46,27.13,25.76,25.24,25.0
27.92,1500.0,1363.16,1226.93,1091.9,958.6,827.53,699.08,573.6,451.31,332.38,216.88,135.9,84.26,54.27,38.37,30.65,27.22,25.8,25.25,25.0
28.17,1500.0,1363.44,1227.47,1092.68,959.6,828.71,700.41,575.03,452.82,333.92,218.44,137.22,85.23,54.9,38.74,30.85,27.31,25.84,25.26,25.0
28.42,1500.0,1363.71,1228.0,1093.45,960.59,829.88,701.73,576.46,454.31,335.46,219.98,138.54,86.21,55.54,39.11,31.04,27.4,25.88,25.28,25.0
28.67,1500.0,1363.97,1228.52,1094.21,961.56,831.03,703.02,577.86,455.79,336.98,221.51,139.85,87.18,56.18,39.49,31.24,27.5,25.92,25.29,25.0
28.92,1500.0,1364.23,1229.03,1094.96,962.51,832.16,704.3,579.25,457.26,338.48,223.03,141.15,88.16,56.82,39.87,31.44,27.59,25.96,25.31,25.0
29.17,1500.0,1364.49,1229.54,1095.69,963.46,833.28,705.57,580.63,458.71,339.98,224.54,142.45,89.13,57.47,40.25,31.65,27.69,26.01,25.32,25.0
29.42,1500.0,1364.74,1230.03,1096.42,964.38,834.39,706.82,581.99,460.14,341.46,226.04,143.75,90.11,58.12,40.64,31.86,27.8,26.05,25.34,25.0
29.67,1500.0,1364.99,1230.52,1097.13,965.3,835.48,708.05,583.33,461.57,342.93,227.53,145.04,91.08,58.77,41.03,32.07,27.9,26.1,25.36,25.0
29.92,1500.0,1365.23,1231.01,1097.83,966.2,836.56,709.27,584.66,462.97,344.39,229.01,146.32,92.06,59.43,41.42,32.29,28.01,26.15,25.37,25.0
30.17,1500.0,1365.48,1231.48,1098.53,967.1,837.62,710.47,585.98,464.37,345.83,230.48,147.6,93.03,60.09,41.82,32.5,28.12,26.2,25.39,25.0
30.42,1500.0,1365.71,1231.95,1099.21,967.98,838.67,711.66,587.28,465.75,347.27,231.94,148.87,94.0,60.75,42.23,32.73,28.23,26.25,25.41,25.0
30.66,1500.0,1365.95,1232.41,1099.89,968.84,839.71,712.84,588.56,467.12,348.69,233.4,150.14,94.98,61.41,42.63,32.95,28.34,26.3,25.43,25.0
30.91,1500.0,1366.18,1232.87,1100.55,969.7,840.73,714.01,589.84,468.48,350.1,234.84,151.41,95.95,62.08,43.04,33.18,28.46,26.35,25.45,25.0
31.16,1500.0,1366.41,1233.32,1101.21,970.55,841.74,715.16,591.1,469.82,351.5,236.27,152.67,96.92,62.74,43.45,33.41,28.57,26.4,25.47,25.0
31.41,1500.0,1366.63,1233.76,1101.86,971.38,842.74,716.29,592.35,471.15,352.89,237.69,153.92,97.89,63.41,43.87,33.65,28.69,26.46,25.49,25.0
31.66,1500.0,1366.86,1234.2,1102.5,972.21,843.73,717.42,593.59,472.47,354.27,239.11,155.17,98.86,64.09,44.29,33.88,28.82,26.52,25.51,25.0
31.91,1500.0,1367.07,1234.63,1103.13,973.02,844.71,718.53,594.81,473.78,355.64,240.51,156.41,99.83,64.76,44.71,34.12,28.94,26.57,25.53,25.0
32.16,1500.0,1367.29,1235.06,1103.76,973.83,845.67,719.64,596.02,475.08,357.0,241.91,157.65,100.8,65.44,45.14,34.37,29.07,26.63,25.56,25.0
32.41,1500.0,1367.5,1235.48,1104.37,974.63,846.63,720.73,597.22,476.37,358.34,243.3,158.88,101.76,66.11,45.57,34.61,29.2,26.7,25.58,25.0
32.66,1500.0,1367.72,1235.89,1104.98,975.41,847.57,721.81,598.41,477.64,359.68,244.67,160.11,102.73,66.79,46.0,34.86,29.33,26.76,25.6,25.0
32.91,1500.0,1367.92,1236.3,1105.59,976.19,848.51,722.87,599.59,478.91,361.01,246.04,161.33,103.7,67.47,46.43,35.11,29.46,26.82,25.63,25.0
33.16,1500.0,1368.13,1236.71,1106.18,976.96,849.43,723.93,600.76,480.16,362.33,247.41,162.55,104.66,68.16,46.87,35.37,29.6,26.89,25.65,25.0
33.41,1500.0,1368.33,1237.11,1106.77,977.72,850.34,724.98,601.92,481.41,363.64,248.76,163.77,105.62,68.84,47.31,35.63,29.73,26.95,25.68,25.0
33.66,1500.0,1368.53,1237.51,1107.35,978.47,851.25,726.02,603.07,482.64,364.94,250.1,164.97,106.58,69.53,47.75,35.89,29.87,27.02,25.71,25.0
33.91,1500.0,1368.73,1237.9,1107.93,979.22,852.15,727.04,604.2,483.87,366.23,251.44,166.18,107.54,70.22,48.2,36.15,30.02,27.09,25.73,25.0
34.16,1500.0,1368.93,1238.29,1108.5,979.95,853.03,728.06,605.33,485.08,367.51,252.77,167.38,108.5,70.9,48.65,36.42,30.16,27.16,25.76,25.0
34.4,1500.0,1369.12,1238.67,1109.06,980.68,853.91,729.07,606.45,486.29,368.78,254.09,168.57,109.46,71.6,49.1,36.69,30.31,27.23,25.79,25.0
34.65,1500.0,1369.31,1239.05,1109.61,981.4,854.78,730.07,607.55,487.48,370.05,255.4,169.76,110.42,72.29,49.55,36.96,30.46,27.31,25.82,25.0
34.9,1500.0,1369.5,1239.42,1110.16,982.12,855.64,731.06,608.65,488.67,371.3,256.71,170.94,111.37,72.98,50.01,37.23,30.61,27.38,25.85,25.0
35.15,1500.0,1369.69,1239.79,1110.71,982.82,856.49,732.04,609.74,489.85,372.55,258.01,172.12,112.32,73.67,50.47,37.51,30.76,27.46,25.88,25.0
35.4,1500.0,1369.88,1240.16,1111.25,983.52,857.34,733.01,610.82,491.02,373.79,259.3,173.29,113.27,74.37,50.93,37.79,30.91,27.54,25.91,25.0
35.65,1500.0,1370.06,1240.52,1111.78,984.22,858.17,733.97,611.89,492.18,375.02,260.58,174.46,114.22,75.06,51.39,38.07,31.07,27.61,25.94,25.0
35.9,1500.0,1370.24,1240.88,1112.31,984.9,859.0,734.93,612.96,493.33,376.24,261.85,175.63,115.17,75.76,51.86,38.35,31.23,27.69,25.98,25.0
36.15,1500.0,1370.42,1241.24,1112.83,985.58,859.82,735.87,614.01,494.47,377.46,263.12,176.79,116.12,76.46,52.33,38.64,31.39,27.78,26.01,25.0
36.4,1500.0,1370.6,1241.59,1113.35,986.25,860.64,736.81,615.06,495.61,378.66,264.38,177.94,117.07,77.16,52.8,38.93,31.56,27.86,26.04,25.0
36.65,1500.0,1370.77,1241.94,1113.86,986.92,861.44,737.74,616.09,496.73,379.86,265.63,179.09,118.01,77.86,53.27,39.22,31.72,27.94,26.08,25.0
36.9,1500.0,1370.95,1242.28,1114.37,987.58,862.24,738.67,617.12,497.85,381.05,266.88,180.24,118.95,78.56,53.74,39.52,31.89,28.03,26.11,25.0
37.15,1500.0,1371.12,1242.62,1114.87,988.23,863.04,739.58,618.15,498.96,382.23,268.12,181.38,119.89,79.26,54.22,39.81,32.06,28.12,26.15,25.0
37.4,1500.0,1371.29,1242.96,1115.37,988.88,863.82,740.49,619.16,500.07,383.41,269.35,182.52,120.83,79.96,54.7,40.11,32.23,28.21,26.19,25.0
37.65,1500.0,1371.46,1243.3,1115.87,989.53,864.6,741.39,620.17,501.16,384.58,270.57,183.65,121.77,80.66,55.18,40.42,32.4,28.3,26.22,25.0
37.89,1500.0,1371.63,1243.63,1116.36,990.16,865.37,742.28,621.17,502.25,385.74,271.79,184.77,122.7,81.37,55.66,40.72,32.58,28.39,26.26,25.0
38.14,1500.0,1371.8,1243.96,1116.84,990.79,866.14,743.17,622.16,503.33,386.89,273.0,185.9,123.63,82.07,56.15,41.03,32.76,28.48,26.3,25.0
38.39,1500.0,1371.96,1244.28,1117.32,991.42,866.9,744.05,623.14,504.41,388.04,274.21,187.01,124.57,82.77,56.63,41.33,32.94,28.58,26.34,25.0
38.64,1500.0,1372.12,1244.6,1117.8,992.04,867.65,744.92,624.12,505.47,389.18,275.41,188.13,125.5,83.48,57.12,41.64,33.12,28.67,26.38,25.0
38.89,1500.0,1372.28,1244.92,1118.27,992.66,868.4,745.79,625.09,506.53,390.32,276.6,189.24,126.42,84.18,57.61,41.96,33.3,28.77,26.42,25.0
39.14,1500.0,1372.44,1245.24,1118.74,993.27,869.14,746.65,626.05,507.59,391.44,277.79,190.34,127.35,84.89,58.1,42.27,33.49,28.87,26.46,25.0
39.39,1500.0,1372.6,1245.56,1119.2,993.87,869.88,747.5,627.01,508.63,392.56,278.97,191.44,128.27,85.59,58.59,42.59,33.68,28.97,26.51,25.0
39.64,1500.0,1372.76,1245.87,1119.66,994.47,870.61,748.35,627.96,509.67,393.68,280.14,192.54,129.19,86.3,59.09,42.91,33.86,29.07,26.55,25.0
39.89,1500.0,1372.92,1246.18,1120.12,995.07,871.33,749.19,628.91,510.7,394.78,281.31,193.63,130.12,87.0,59.58,43.23,34.06,29.17,26.59,25.0
40.14,1500.0,1373.07,1246.48,1120.57,995.66,872.05,750.03,629.84,511.73,395.88,282.47,194.72,131.03,87.71,60.08,43.55,34.25,29.27,26.64,25.0
40.39,1500.0,1373.23,1246.79,1121.02,996.25,872.76,750.85,630.77,512.75,396.98,283.62,195.8,131.95,88.42,60.58,43.88,34.44,29.38,26.68,25.0
40.64,1500.0,1373.38,1247.09,1121.47,996.83,873.47,751.68,631.7,513.76,398.07,284.77,196.88,132.86,89.12,61.08,44.2,34.64,29.49,26.73,25.0
40.89,1500.0,1373.53,1247.39,1121.91,997.41,874.17,752.49,632.62,514.77,399.15,285.91,197.95,133.78,89.83,61.59,44.53,34.84,29.59,26.77,25.0
41.14,1500.0,1373.68,1247.69,1122.35,997.98,874.87,753.31,633.53,515.77,400.22,287.05,199.02,134.69,90.54,62.09,44.86,35.04,29.7,26.82,25.0
41.39,1500.0,1373.83,1247.98,1122.78,998.55,875.57,754.11,634.44,516.77,401.29,288.18,200.09,135.59,91.24,62.59,45.2,35.24,29.81,26.87,25.0
41.63,1500.0,1373.97,1248.27,1123.22,999.11,876.25,754.91,635.34,517.76,402.36,289.31,201.15,136.5,91.95,63.1,45.53,35.44,29.92,26.92,25.0
41.88,1500.0,1374.12,1248.56,1123.64,999.67,876.94,755.71,636.23,518.74,403.41,290.43,202.21,137.41,92.66,63.61,45.87,35.65,30.04,26.97,25.0
42.13,1500.0,1374.27,1248.85,1124.07,1000.23,877.61,756.5,637.12,519.72,404.47,291.54,203.26,138.31,93.36,64.12,46.21,35.86,30.15,27.02,25.0
42.38,1500.0,1374.41,1249.14,1124.49,1000.78,878.29,757.28,638.01,520.69,405.51,292.65,204.31,139.21,94.07,64.63,46.55,36.07,30.27,27.07,25.0
42.63,1500.0,1374.55,1249.42,1124.91,1001.33,878.96,758.06,638.89,521.65,406.55,293.76,205.36,140.11,94.78,65.14,46.89,36.28,30.38,27.12,25.0
42.88,1500.0,1374.69,1249.7,1125.33,1001.87,879.62,758.84,639.76,522.61,407.59,294.85,206.4,141.0,95.48,65.65,47.23,36.49,30.5,27.17,25.0
43.13,1500.0,1374.83,1249.98,1125.74,1002.41,880.28,759.61,640.63,523.57,408.62,295.95,207.44,141.9,96.19,66.16,47.58,36.7,30.62,27.22,25.0
43.38,1500.0,1374.97,1250.26,1126.15,1002.95,880.94,760.37,641.49,524.52,409.64,297.03,208.47,142.79,96.89,66.68,47.93,36.92,30.74,27.27,25.0
43.63,1500.0,1375.11,1250.53,1126.56,1003.49,881.59,761.13,642.35,525.46,410.66,298.12,209.5,143.68,97.6,67.19,48.27,37.14,30.86,27.33,25.0
43.88,1500.0,1375.25,1250.81,1126.96,1004.02,882.24,761.89,643.2,526.4,411.68,299.19,210.53,144.57,98.3,67.71,48.62,37.36,30.99,27.38,25.0
44.13,1500.0,1375.39,1251.08,1127.37,1004.54,882.88,762.64,644.05,527.34,412.69,300.26,211.55,145.45,99.01,68.23,48.98,37.58,31.11,27.44,25.0
44.38,1500.0,1375.52,1251.35,1127.77,1005.06,883.52,763.38,644.89,528.26,413.69,301.33,212.57,146.34,99.71,68.75,49.33,37.8,31.24,27.49,25.0
44.63,1500.0,1375.66,1251.61,1128.16,1005.58,884.15,764.12,645.73,529.19,414.69,302.39,213.58,147.22,100.42,69.27,49.68,38.02,31.36,27.55,25.0
44.88,1500.0,1375.79,1251.88,1128.56,1006.1,884.78,764.86,646.56,530.11,415.68,303.45,214.59,148.1,101.12,69.79,50.04,38.25,31.49,27.61,25.0
45.12,1500.0,1375.93,1252.14,1128.95,1006.61,885.41,765.59,647.39,531.02,416.67,304.5,215.6,148.98,101.83,70.31,50.4,38.47,31.62,27.66,25.0
45.37,1500.0,1376.06,1252.41,1129.34,1007.12,886.03,766.32,648.21,531.93,417.65,305.55,216.6,149.86,102.53,70.83,50.76,38.7,31.75,27.72,25.0
45.62,1500.0,1376.19,1252.67,1129.72,1007.63,886.65,767.04,649.03,532.83,418.63,306.59,217.6,150.73,103.23,71.36,51.12,38.93,31.88,27.78,25.0
45.87,1500.0,1376.32,1252.93,1130.1,1008.13,887.27,767.76,649.85,533.73,419.6,307.63,218.6,151.6,103.94,71.88,51.48,39.16,32.02,27.84,25.0
46.12,1500.0,1376.45,1253.18,1130.49,1008.63,887.88,768.48,650.66,534.63,420.57,308.66,219.59,152.47,104.64,72.4,51.84,39.4,32.15,27.9,25.0
46.37,1500.0,1376.58,1253.44,1130.86,1009.13,888.49,769.19,651.46,535.52,421.54,309.69,220.57,153.34,105.34,72.93,52.21,39.63,32.28,27.96,25.0
46.62,1500.0,1376.71,1253.69,1131.24,1009.62,889.09,769.9,652.26,536.4,422.49,310.71,221.56,154.2,106.04,73.46,52.58,39.87,32.42,28.02,25.0
46.87,1500.0,1376.83,1253.95,1131.62,1010.11,889.69,770.6,653.06,537.28,423.45,311.73,222.54,155.07,106.74,73.98,52.94,40.1,32.56,28.08,25.0
47.12,1500.0,1376.96,1254.2,1131.99,1010.6,890.29,771.3,653.85,538.16,424.4,312.74,223.52,155.93,107.44,74.51,53.31,40.34,32.7,28.15,25.0
47.37,1500.0,1377.08,1254.45,1132.36,1011.08,890.88,771.99,654.64,539.03,425.35,313.75,224.49,156.79,108.14,75.04,53.68,40.58,32.84,28.21,25.0
47.62,1500.0,1377.21,1254.69,1132.72,1011.57,891.47,772.68,655.42,539.9,426.29,314.76,225.46,157.65,108.84,75.57,54.05,40.82,32.98,28.27,25.0
47.87,1500.0,1377.33,1254.94,1133.09,1012.05,892.06,773.37,656.2,540.76,427.22,315.76,226.43,158.5,109.54,76.1,54.43,41.06,33.12,28.34,25.0
48.12,1500.0,1377.46,1255.18,1133.45,1012.52,892.64,774.06,656.98,541.62,428.15,316.75,227.39,159.36,110.24,76.63,54.8,41.31,33.26,28.4,25.0
48.37,1500.0,1377.58,1255.43,1133.81,1013.0,893.22,774.74,657.75,542.47,429.08,317.75,228.35,160.21,110.94,77.16,55.18,41.55,33.4,28.47,25.0
48.61,1500.0,1377.7,1255.67,1134.17,1013.47,893.8,775.41,658.52,543.32,430.01,318.73,229.31,161.06,111.63,77.69,55.55,41.8,33.55,28.53,25.0
48.86,1500.0,1377.82,1255.91,1134.53,1013.93,894.38,776.09,659.28,544.17,430.93,319.72,230.26,161.9,112.33,78.22,55.93,42.05,33.69,28.6,25.0
49.11,1500.0,1377.94,1256.15,1134.88,1014.4,894.95,776.75,660.04,545.01,431.84,320.7,231.21,162.75,113.03,78.75,56.31,42.3,33.84,28.67,25.0
49.36,1500.0,1378.06,1256.39,1135.23,1014.86,895.51,777.42,660.8,545.85,432.75,321.67,232.16,163.59,113.72,79.28,56.69,42.55,33.99,28.74,25.0
49.61,1500.0,1378.18,1256.62,1135.59,1015.32,896.08,778.08,661.55,546.68,433.66,322.64,233.1,164.43,114.42,79.82,57.07,42.8,34.14,28.8,25.0
49.86,1500.0,1378.3,1256.86,1135.93,1015.78,896.64,778.74,662.3,547.51,434.56,323.61,234.04,165.27,115.11,80.35,57.45,43.05,34.29,28.87,25.0
50.11,1500.0,1378.41,1257.09,1136.28,1016.24,897.2,779.4,663.04,548.34,435.46,324.57,234.97,166.11,115.8,80.88,57.83,43.3,34.44,28.94,25.0
50.36,1500.0,1378.53,1257.32,1136.62,1016.69,897.76,780.05,663.79,549.16,436.35,325.53,235.91,166.94,116.5,81.42,58.21,43.56,34.59,29.01,25.0
50.61,1500.0,1378.65,1257.55,1136.97,1017.14,898.31,780.7,664.52,549.98,437.25,326.48,236.84,167.78,117.19,81.95,58.6,43.81,34.74,29.08,25.0
50.86,1500.0,1378.76,1257.78,1137.31,1017.59,898.86,781.34,665.26,550.79,438.13,327.43,237.76,168.61,117.88,82.49,58.98,44.07,34.9,29.15,25.0
51.11,1500.0,1378.88,1258.01,1137.65,1018.03,899.41,781.99,665.99,551.6,439.01,328.38,238.69,169.44,118.57,83.02,59.37,44.33,35.05,29.22,25.0
51.36,1500.0,1378.99,1258.24,1137.98,1018.48,899.95,782.63,666.71,552.41,439.89,329.32,239.61,170.27,119.26,83.56,59.76,44.59,35.21,29.3,25.0
51.61,1500.0,1379.11,1258.46,1138.32,1018.92,900.49,783.26,667.44,553.21,440.77,330.26,240.52,171.09,119.95,84.09,60.15,44.85,35.36,29.37,25.0
51.86,1500.0,1379.22,1258.69,1138.65,1019.36,901.03,783.89,668.16,554.01,441.64,331.19,241.44,171.91,120.63,84.63,60.54,45.11,35.52,29.44,25.0
52.11,1500.0,1379.33,1258.91,1138.99,1019.79,901.57,784.52,668.87,554.81,442.51,332.13,242.35,172.73,121.32,85.16,60.93,45.37,35.68,29.52,25.0
52.35,1500.0,1379.44,1259.13,1139.32,1020.23,902.1,785.15,669.59,555.6,443.37,333.05,243.25,173.55,122.01,85.7,61.32,45.64,35.84,29.59,25.0
52.6,1500.0,1379.55,1259.35,1139.64,1020.66,902.63,785.77,670.3,556.39,444.23,333.98,244.16,174.37,122.69,86.24,61.71,45.9,36.0,29.66,25.0
52.85,1500.0,1379.67,1259.57,1139.97,1021.09,903.16,786.4,671.0,557.18,445.09,334.9,245.06,175.19,123.38,86.77,62.1,46.17,36.16,29.74,25.0
53.1,1500.0,1379.78,1259.79,1140.3,1021.52,903.68,787.01,671.71,557.96,445.94,335.81,245.96,176.0,124.06,87.31,62.49,46.43,36.32,29.81,25.0
53.35,1500.0,1379.88,1260.01,1140.62,1021.94,904.21,787.63,672.41,558.74,446.79,336.72,246.85,176.81,124.75,87.85,62.89,46.7,36.48,29.89,25.0
53.6,1500.0,1379.99,1260.23,1140.94,1022.37,904.73,788.24,673.11,559.51,447.64,337.63,247.75,177.62,125.43,88.39,63.28,46.97,36.64,29.97,25.0
53.85,1500.0,1380.1,1260.44,1141.26,1022.79,905.25,788.85,673.8,560.29,448.48,338.54,248.64,178.43,126.11,88.92,63.68,47.24,36.81,30.04,25.0
54.1,1500.0,1380.21,1260.66,1141.58,1023.21,905.76,789.46,674.49,561.05,449.32,339.44,249.52,179.23,126.79,89.46,64.07,47.51,36.97,30.12,25.0
54.35,1500.0,1380.32,1260.87,1141.9,1023.62,906.27,790.06,675.18,561.82,450.15,340.34,250.4,180.03,127.47,90.0,64.47,47.78,37.14,30.2,25.0
54.6,1500.0,1380.42,1261.08,1142.21,1024.04,906.78,790.66,675.86,562.58,450.99,341.23,251.28,180.84,128.15,90.54,64.87,48.05,37.31,30.28,25.0
54.85,1500.0,1380.53,1261.29,1142.53,1024.45,907.29,791.26,676.54,563.34,451.82,342.12,252.16,181.63,128.83,91.07,65.27,48.33,37.47,30.36,25.0
55.1,1500.0,1380.64,1261.5,1142.84,1024.86,907.8,791.85,677.22,564.1,452.64,343.01,253.04,182.43,129.51,91.61,65.67,48.6,37.64,30.44,25.0
55.35,1500.0,1380.74,1261.71,1143.15,1025.27,908.3,792.45,677.9,564.85,453.46,343.9,253.91,183.23,130.18,92.15,66.07,48.87,37.81,30.52,25.0
55.6,1500.0,1380.85,1261.92,1143.46,1025.68,908.8,793.04,678.57,565.6,454.28,344.78,254.78,184.02,130.86,92.69,66.47,49.15,37.98,30.6,25.0
55.84,1500.0,1380.95,1262.13,1143.77,1026.09,909.3,793.62,679.24,566.34,455.1,345.66,255.64,184.81,131.53,93.22,66.87,49.43,38.15,30.68,25.0
56.09,1500.0,1381.05,1262.34,1144.07,1026.49,909.8,794.21,679.91,567.09,455.91,346.53,256.51,185.6,132.21,93.76,67.27,49.7,38.32,30.76,25.0
56.34,1500.0,1381.16,1262.54,1144.38,1026.89,910.29,794.79,680.57,567.83,456.72,347.4,257.37,186.39,132.88,94.3,67.67,49.98,38.49,30.84,25.0
56.59,1500.0,1381.26,1262.74,1144.68,1027.29,910.79,795.37,681.23,568.56,457.52,348.27,258.22,187.18,133.55,94.84,68.07,50.26,38.67,30.92,25.0
56.84,1500.0,1381.36,1262.95,1144.98,1027.69,911.28,795.95,681.89,569.3,458.33,349.13,259.08,187.96,134.22,95.38,68.48,50.54,38.84,31.0,25.0
57.09,1500.0,1381.46,1263.15,1145.29,1028.09,911.76,796.52,682.55,570.03,459.13,349.99,259.93,188.74,134.89,95.91,68.88,50.82,39.01,31.08,25.0
57.34,1500.0,1381.56,1263.35,1145.59,1028.48,912.25,797.09,683.2,570.76,459.92,350.85,260.78,189.52,135.56,96.45,69.28,51.1,39.19,31.17,25.0
57.59,1500.0,1381.66,1263.55,1145.88,1028.87,912.73,797.66,683.85,571.48,460.72,351.71,261.63,190.3,136.23,96.99,69.69,51.38,39.36,31.25,25.0
57.84,1500.0,1381.77,1263.75,1146.18,1029.26,913.21,798.23,684.5,572.2,461.51,352.56,262.47,191.08,136.9,97.53,70.09,51.67,39.54,31.33,25.0
58.09,1500.0,1381.86,1263.95,1146.48,1029.65,913.69,798.79,685.15,572.92,462.29,353.41,263.31,191.85,137.56,98.06,70.5,51.95,39.72,31.42,25.0
58.34,1500.0,1381.96,1264.15,1146.77,1030.04,914.17,799.36,685.79,573.64,463.08,354.25,264.15,192.62,138.23,98.6,70.9,52.23,39.89,31.5,25.0
58.59,1500.0,1382.06,1264.35,1147.06,1030.43,914.65,799.92,686.43,574.35,463.86,355.1,264.99,193.4,138.89,99.14,71.31,52.52,40.07,31.59,25.0
58.84,1500.0,1382.16,1264.54,1147.35,1030.81,915.12,800.48,687.06,575.06,464.64,355.94,265.82,194.16,139.56,99.67,71.72,52.8,40.25,31.67,25.0
59.09,1500.0,1382.26,1264.74,1147.64,1031.19,915.59,801.03,687.7,575.77,465.41,356.77,266.65,194.93,140.22,100.21,72.12,53.09,40.43,31.76,25.0
59.34,1500.0,1382.36,1264.93,1147.93,1031.58,916.06,801.58,688.33,576.48,466.19,357.61,267.48,195.7,140.88,100.75,72.53,53.38,40.61,31.84,25.0
59.58,1500.0,1382.45,1265.12,1148.22,1031.95,916.53,802.13,688.96,577.18,466.96,358.44,268.3,196.46,141.54,101.28,72.94,53.66,40.79,31.93,25.0
59.83,1500.0,1382.55,1265.32,1148.51,1032.33,916.99,802.68,689.59,577.88,467.72,359.26,269.13,197.22,142.2,101.82,73.35,53.95,40.97,32.02,25.0
60.08,1500.0,1382.65,1265.51,1148.79,1032.71,917.46,803.23,690.21,578.58,468.49,360.09,269.95,197.98,142.86,102.35,73.76,54.24,41.15,32.1,25.0
60.33,1500.0,1382.74,1265.7,1149.08,1033.08,917.92,803.77,690.84,579.27,469.25,360.91,270.77,198.74,143.52,102.89,74.16,54.53,41.33,32.19,25.0
60.58,1500.0,1382.84,1265.89,1149.36,1033.46,918.38,804.32,691.45,579.96,470.01,361.73,271.58,199.5,144.17,103.43,74.57,54.82,41.52,32.28,25.0
60.83,1500.0,1382.93,1266.08,1149.64,1033.83,918.84,804.86,692.07,580.65,470.76,362.54,272.39,200.25,144.83,103.96,74.98,55.11,41.7,32.37,25.0
61.08,1500.0,1383.03,1266.27,1149.92,1034.2,919.29,805.39,692.69,581.34,471.52,363.36,273.2,201.0,145.49,104.5,75.39,55.4,41.88,32.46,25.0
61.33,1500.0,1383.12,1266.45,1150.2,1034.57,919.75,805.93,693.3,582.03,472.27,364.17,274.01,201.75,146.14,105.03,75.8,55.69,42.07,32.54,25.0
61.58,1500.0,1383.22,1266.64,1150.48,1034.93,920.2,806.46,693.91,582.71,473.01,364.98,274.82,202.5,146.79,105.57,76.21,55.98,42.25,32.63,25.0
61.83,1500.0,1383.31,1266.83,1150.76,1035.3,920.65,806.99,694.52,583.39,473.76,365.78,275.62,203.25,147.44,106.1,76.62,56.28,42.44,32.72,25.0
62.08,1500.0,1383.4,1267.01,1151.03,1035.66,921.1,807.52,695.12,584.06,474.5,366.58,276.42,204.0,148.09,106.63,77.03,56.57,42.62,32.81,25.0
62.33,1500.0,1383.5,1267.2,1151.31,1036.02,921.54,808.05,695.73,584.74,475.24,367.38,277.22,204.74,148.74,107.17,77.45,56.86,42.81,32.9,25.0
62.58,1500.0,1383.59,1267.38,1151.58,1036.38,921.99,808.58,696.33,585.41,475.98,368.18,278.01,205.48,149.39,107.7,77.86,57.16,42.99,32.99,25.0
62.83,1500.0,1383.68,1267.56,1151.85,1036.74,922.43,809.1,696.93,586.08,476.71,368.97,278.81,206.22,150.04,108.23,78.27,57.45,43.18,33.08,25.0
63.07,1500.0,1383.77,1267.75,1152.12,1037.1,922.87,809.62,697.52,586.74,477.44,369.76,279.6,206.96,150.69,108.77,78.68,57.74,43.37,33.17,25.0
63.32,1500.0,1383.86,1267.93,1152.39,1037.46,923.31,810.14,698.12,587.41,478.17,370.55,280.39,207.7,151.33,109.3,79.09,58.04,43.56,33.26,25.0
63.57,1500.0,1383.95,1268.11,1152.66,1037.81,923.75,810.66,698.71,588.07,478.9,371.34,281.17,208.43,151.98,109.83,79.5,58.34,43.75,33.36,25.0
63.82,1500.0,1384.04,1268.29,1152.93,1038.17,924.19,811.17,699.3,588.73,479.62,372.12,281.96,209.16,152.62,110.36,79.92,58.63,43.93,33.45,25.0
64.07,1500.0,1384.13,1268.47,1153.2,1038.52,924.62,811.69,699.89,589.39,480.34,372.9,282.74,209.9,153.26,110.9,80.33,58.93,44.12,33.54,25.0
64.32,1500.0,1384.22,1268.65,1153.46,1038.87,925.05,812.2,700.47,590.04,481.06,373.68,283.52,210.62,153.91,111.43,80.74,59.22,44.31,33.63,25.0
64.57,1500.0,1384.31,1268.82,1153.73,1039.22,925.49,812.71,701.05,590.69,481.78,374.45,284.3,211.35,154.55,111.96,81.15,59.52,44.5,33.72,25.0
64.82,1500.0,1384.4,1269.0,1153.99,1039.57,925.92,813.21,701.64,591.35,482.49,375.22,285.07,212.08,155.19,112.49,81.57,59.82,44.7,33.82,25.0
65.07,1500.0,1384.49,1269.18,1154.26,1039.92,926.34,813.72,702.22,591.99,483.21,376.0,285.84,212.8,155.83,113.02,81.98,60.12,44.89,33.91,25.0
65.32,1500.0,1384.58,1269.35,1154.52,1040.26,926.77,814.22,702.79,592.64,483.92,376.76,286.61,213.53,156.46,113.55,82.39,60.42,45.08,34.0,25.0
65.57,1500.0,1384.67,1269.53,1154.78,1040.61,927.2,814.73,703.37,593.28,484.62,377.53,287.38,214.25,157.1,114.08,82.81,60.71,45.27,34.1,25.0
65.82,1500.0,1384.75,1269.7,1155.04,1040.95,927.62,815.23,703.94,593.92,485.33,378.29,288.15,214.97,157.74,114.61,83.22,61.01,45.46,34.19,25.0
66.07,1500.0,1384.84,1269.88,1155.3,1041.29,928.04,815.72,704.51,594.56,486.03,379.05,288.91,215.68,158.37,115.13,83.63,61.31,45.65,34.28,25.0
66.32,1500.0,1384.93,1270.05,1155.56,1041.63,928.46,816.22,705.08,595.2,486.73,379.81,289.67,216.4,159.0,115.66,84.04,61.61,45.85,34.38,25.0
66.57,1500.0,1385.02,1270.22,1155.81,1041.97,928.88,816.72,705.65,595.83,487.43,380.56,290.43,217.11,159.64,116.19,84.46,61.91,46.04,34.47,25.0
66.81,1500.0,1385.1,1270.39,1156.07,1042.31,929.3,817.21,706.21,596.47,488.12,381.32,291.19,217.83,160.27,116.72,84.87,62.21,46.23,34.57,25.0
67.06,1500.0,1385.19,1270.57,1156.32,1042.64,929.71,817.7,706.77,597.1,488.81,382.07,291.94,218.54,160.9,117.24,85.28,62.51,46.43,34.66,25.0
67.31,1500.0,1385.27,1270.74,1156.58,1042.98,930.13,818.19,707.34,597.72,489.5,382.81,292.69,219.25,161.53,117.77,85.7,62.81,46.62,34.75,25.0
67.56,1500.0,1385.36,1270.91,1156.83,1043.31,930.54,818.68,707.89,598.35,490.19,383.56,293.44,219.95,162.16,118.3,86.11,63.12,46.82,34.85,25.0
67.81,1500.0,1385.44,1271.08,1157.08,1043.65,930.95,819.16,708.45,598.97,490.88,384.3,294.19,220.66,162.78,118.82,86.53,63.42,47.01,34.95,25.0
68.06,1500.0,1385.53,1271.24,1157.33,1043.98,931.36,819.65,709.01,599.6,491.56,385.04,294.94,221.37,163.41,119.35,86.94,63.72,47.21,35.04,25.0
68.31,1500.0,1385.61,1271.41,1157.58,1044.31,931.77,820.13,709.56,600.22,492.24,385.78,295.68,222.07,164.03,119.87,87.35,64.02,47.4,35.14,25.0
68.56,1500.0,1385.7,1271.58,1157.83,1044.64,932.17,820.61,710.11,600.83,492.92,386.52,296.42,222.77,164.66,120.39,87.77,64.32,47.6,35.23,25.0
68.81,1500.0,1385.78,1271.75,1158.08,1044.97,932.58,821.09,710.66,601.45,493.6,387.25,297.16,223.47,165.28,120.92,88.18,64.62,47.79,35.33,25.0
69.06,1500.0,1385.86,1271.91,1158.33,1045.29,932.98,821.57,711.21,602.06,494.28,387.98,297.9,224.17,165.9,121.44,88.59,64.93,47.99,35.42,25.0
69.31,1500.0,1385.95,1272.08,1158.58,1045.62,933.39,822.04,711.75,602.67,494.95,388.71,298.64,224.86,166.52,121.96,89.01,65.23,48.19,35.52,25.0
69.56,1500.0,1386.03,1272.24,1158.82,1045.95,933.79,822.52,712.3,603.28,495.62,389.44,299.37,225.56,167.14,122.49,89.42,65.53,48.38,35.62,25.0
69.81,1500.0,1386.11,1272.41,1159.07,1046.27,934.19,822.99,712.84,603.89,496.29,390.17,300.1,226.25,167.76,123.01,89.83,65.84,48.58,35.71,25.0
70.06,1500.0,1386.19,1272.57,1159.31,1046.59,934.59,823.46,713.38,604.5,496.95,390.89,300.83,226.94,168.38,123.53,90.24,66.14,48.78,35.81,25.0
70.3,1500.0,1386.28,1272.73,1159.55,1046.91,934.98,823.93,713.92,605.1,497.62,391.61,301.56,227.63,169.0,124.05,90.66,66.44,48.98,35.91,25.0
70.55,1500.0,1386.36,1272.9,1159.8,1047.23,935.38,824.4,714.46,605.7,498.28,392.33,302.28,228.32,169.61,124.57,91.07,66.75,49.17,36.01,25.0
70.8,1500.0,1386.44,1273.06,1160.04,1047.55,935.77,824.87,714.99,606.3,498.94,393.04,303.01,229.01,170.23,125.09,91.48,67.05,49.37,36.1,25.0
71.05,1500.0,1386.52,1273.22,1160.28,1047.87,936.16,825.33,715.52,606.9,499.6,393.76,303.73,229.69,170.84,125.61,91.9,67.35,49.57,36.2,25.0
71.3,1500.0,1386.6,1273.38,1160.52,1048.19,936.56,825.79,716.06,607.5,500.26,394.47,304.45,230.38,171.46,126.13,92.31,67.66,49.77,36.3,25.0
71.55,1500.0,1386.68,1273.54,1160.76,1048.5,936.95,826.25,716.59,608.09,500.91,395.18,305.17,231.06,172.07,126.64,92.72,67.96,49.97,36.4,25.0
71.8,1500.0,1386.76,1273.7,1161.0,1048.82,937.34,826.72,717.11,608.68,501.56,395.89,305.88,231.74,172.68,127.16,93.13,68.27,50.17,36.49,25.0
72.05,1500.0,1386.84,1273.86,1161.23,1049.13,937.72,827.17,717.64,609.27,502.21,396.59,306.6,232.42,173.29,127.68,93.55,68.57,50.37,36.59,25.0
72.3,1500.0,1386.92,1274.02,1161.47,1049.44,938.11,827.63,718.16,609.86,502.86,397.29,307.31,233.09,173.9,128.2,93.96,68.88,50.57,36.69,25.0
72.55,1500.0,1387.0,1274.18,1161.71,1049.76,938.49,828.09,718.69,610.45,503.51,398.0,308.02,233.77,174.5,128.71,94.37,69.18,50.77,36.79,25.0
72.8,1500.0,1387.08,1274.34,1161.94,1050.07,938.88,828.54,719.21,611.03,504.15,398.69,308.73,234.44,175.11,129.23,94.78,69.49,50.97,36.89,25.0
73.05,1500.0,1387.16,1274.49,1162.17,1050.37,939.26,828.99,719.73,611.61,504.79,399.39,309.43,235.12,175.71,129.74,95.19,69.79,51.17,36.99,25.0
73.3,1500.0,1387.24,1274.65,1162.41,1050.68,939.64,829.44,720.25,612.2,505.43,400.09,310.14,235.79,176.32,130.26,95.61,70.1,51.37,37.08,25.0
73.55,1500.0,1387.32,1274.81,1162.64,1050.99,940.02,829.89,720.76,612.77,506.07,400.78,310.84,236.46,176.92,130.77,96.02,70.4,51.57,37.18,25.0
73.8,1500.0,1387.39,1274.96,1162.87,1051.3,940.4,830.34,721.28,613.35,506.71,401.47,311.54,237.12,177.52,131.28,96.43,70.71,51.77,37.28,25.0
74.04,1500.0,1387.47,1275.12,1163.1,1051.6,940.78,830.79,721.79,613.93,507.34,402.16,312.24,237.79,178.13,131.79,96.84,71.01,51.97,37.38,25.0
74.29,1500.0,1387.55,1275.27,1163.33,1051.91,941.15,831.23,722.3,614.5,507.97,402.84,312.93,238.46,178.73,132.31,97.25,71.32,52.17,37.48,25.0
74.54,1500.0,1387.63,1275.42,1163.56,1052.21,941.53,831.68,722.81,615.07,508.6,403.53,313.63,239.12,179.32,132.82,97.66,71.62,52.37,37.58,25.0
74.79,1500.0,1387.7,1275.58,1163.79,1052.51,941.9,832.12,723.32,615.64,509.23,404.21,314.32,239.78,179.92,133.33,98.07,71.93,52.57,37.68,25.0
75.04,1500.0,1387.78,1275.73,1164.02,1052.81,942.28,832.56,723.83,616.21,509.86,404.89,315.01,240.44,180.52,133.84,98.48,72.23,52.77,37.78,25.0
75.29,1500.0,1387.86,1275.88,1164.25,1053.11,942.65,833.0,724.33,616.78,510.48,405.57,315.7,241.1,181.12,134.35,98.89,72.54,52.97,37.88,25.0
75.54,1500.0,1387.93,1276.04,1164.47,1053.41,943.02,833.44,724.83,617.34,511.11,406.25,316.39,241.76,181.71,134.86,99.3,72.84,53.17,37.98,25.0
75.79,1500.0,1388.01,1276.19,1164.7,1053.71,943.39,833.88,725.34,617.91,511.73,406.92,317.07,242.42,182.3,135.37,99.71,73.15,53.37,38.08,25.0
76.04,1500.0,1388.08,1276.34,1164.92,1054.01,943.75,834.31,725.84,618.47,512.35,407.6,317.76,243.07,182.9,135.87,100.12,73.45,53.58,38.18,25.0
76.29,1500.0,1388.16,1276.49,1165.15,1054.31,944.12,834.75,726.34,619.03,512.96,408.27,318.44,243.72,183.49,136.38,100.53,73.76,53.78,38.28,25.0
76.54,1500.0,1388.24,1276.64,1165.37,1054.6,944.49,835.18,726.83,619.59,513.58,408.94,319.12,244.37,184.08,136.89,100.94,74.06,53.98,38.38,25.0
76.79,1500.0,1388.31,1276.79,1165.59,1054.9,944.85,835.61,727.33,620.14,514.19,409.6,319.8,245.02,184.67,137.39,101.35,74.37,54.18,38.48,25.0
77.04,1500.0,1388.39,1276.94,1165.82,1055.19,945.21,836.04,727.82,620.7,514.81,410.27,320.47,245.67,185.26,137.9,101.75,74.68,54.38,38.58,25.0
77.29,1500.0,1388.46,1277.08,1166.04,1055.48,945.58,836.47,728.32,621.25,515.42,410.93,321.15,246.32,185.84,138.4,102.16,74.98,54.58,38.68,25.0
77.53,1500.0,1388.53,1277.23,1166.26,1055.77,945.94,836.9,728.81,621.8,516.03,411.59,321.82,246.97,186.43,138.91,102.57,75.29,54.79,38.78,25.0
77.78,1500.0,1388.61,1277.38,1166.48,1056.07,946.3,837.32,729.3,622.36,516.63,412.25,322.49,247.61,187.02,139.41,102.98,75.59,54.99,38.88,25.0
78.03,1500.0,1388.68,1277.53,1166.7,1056.36,946.66,837.75,729.79,622.9,517.24,412.91,323.16,248.25,187.6,139.91,103.38,75.9,55.19,38.98,25.0
78.28,1500.0,1388.76,1277.67,1166.92,1056.64,947.01,838.17,730.27,623.45,517.84,413.57,323.83,248.9,188.18,140.41,103.79,76.2,55.39,39.08,25.0
78.53,1500.0,1388.83,1277.82,1167.14,1056.93,947.37,838.6,730.76,624.0,518.44,414.22,324.5,249.54,188.77,140.92,104.2,76.51,55.6,39.18,25.0
78.78,1500.0,1388.9,1277.97,1167.35,1057.22,947.72,839.02,731.24,624.54,519.04,414.87,325.16,250.17,189.35,141.42,104.6,76.81,55.8,39.28,25.0
79.03,1500.0,1388.97,1278.11,1167.57,1057.51,948.08,839.44,731.72,625.08,519.64,415.52,325.82,250.81,189.93,141.92,105.01,77.12,56.0,39.38,25.0
79.28,1500.0,1389.05,1278.26,1167.78,1057.79,948.43,839.86,732.21,625.62,520.24,416.17,326.48,251.45,190.51,142.42,105.42,77.42,56.2,39.48,25.0
79.53,1500.0,1389.12,1278.4,1168.0,1058.08,948.78,840.27,732.69,626.16,520.83,416.82,327.14,252.08,191.09,142.92,105.82,77.73,56.4,39.58,25.0
79.78,1500.0,1389.19,1278.54,1168.21,1058.36,949.14,840.69,733.16,626.7,521.42,417.46,327.8,252.71,191.66,143.41,106.23,78.03,56.61,39.68,25.0
80.03,1500.0,1389.26,1278.69,1168.43,1058.64,949.49,841.1,733.64,627.23,522.02,418.11,328.46,253.35,192.24,143.91,106.63,78.34,56.81,39.78,25.0
80.28,1500.0,1389.34,1278.83,1168.64,1058.93,949.84,841.52,734.12,627.77,522.61,418.75,329.11,253.98,192.81,144.41,107.03,78.64,57.01,39.89,25.0
80.53,1500.0,1389.41,1278.97,1168.85,1059.21,950.18,841.93,734.59,628.3,523.19,419.39,329.76,254.61,193.39,144.91,107.44,78.95,57.21,39.99,25.0
80.78,1500.0,1389.48,1279.12,1169.07,1059.49,950.53,842.34,735.06,628.83,523.78,420.03,330.42,255.23,193.96,145.4,107.84,79.25,57.42,40.09,25.0
81.02,1500.0,1389.55,1279.26,1169.28,1059.77,950.88,842.75,735.53,629.36,524.37,420.66,331.06,255.86,194.53,145.9,108.25,79.55,57.62,40.19,25.0
81.27,1500.0,1389.62,1279.4,1169.49,1060.05,951.22,843.16,736.0,629.89,524.95,421.3,331.71,256.48,195.1,146.39,108.65,79.86,57.82,40.29,25.0
81.52,1500.0,1389.69,1279.54,1169.7,1060.32,951.56,843.57,736.47,630.42,525.53,421.93,332.36,257.11,195.67,146.88,109.05,80.16,58.03,40.39,25.0
81.77,1500.0,1389.76,1279.68,1169.91,1060.6,951.91,843.97,736.94,630.94,526.11,422.56,333.0,257.73,196.24,147.38,109.45,80.47,58.23,40.49,25.0
82.02,1500.0,1389.83,1279.82,1170.12,1060.88,952.25,844.38,737.41,631.47,526.69,423.19,333.65,258.35,196.81,147.87,109.86,80.77,58.43,40.59,25.0
82.27,1500.0,1389.9,1279.96,1170.33,1061.15,952.59,844.78,737.87,631.99,527.27,423.82,334.29,258.97,197.38,148.36,110.26,81.07,58.63,40.69,25.0
82.52,1500.0,1389.97,1280.1,1170.53,1061.43,952.93,845.19,738.34,632.51,527.84,424.45,334.93,259.59,197.94,148.85,110.66,81.38,58.84,40.79,25.0
82.77,1500.0,1390.04,1280.24,1170.74,1061.7,953.27,845.59,738.8,633.03,528.41,425.07,335.56,260.2,198.51,149.34,111.06,81.68,59.04,40.9,25.0
83.02,1500.0,1390.11,1280.38,1170.95,1061.97,953.61,845.99,739.26,633.55,528.99,425.69,336.2,260.82,199.07,149.83,111.46,81.98,59.24,41.0,25.0
83.27,1500.0,1390.18,1280.51,1171.15,1062.25,953.94,846.39,739.72,634.06,529.56,426.31,336.84,261.43,199.64,150.32,111.86,82.29,59.44,41.1,25.0
83.52,1500.0,1390.25,1280.65,1171.36,1062.52,954.28,846.79,740.18,634.58,530.13,426.93,337.47,262.04,200.2,150.81,112.26,82.59,59.65,41.2,25.0
83.77,1500.0,1390.32,1280.79,1171.56,1062.79,954.61,847.18,740.63,635.09,530.69,427.55,338.1,262.65,200.76,151.3,112.66,82.89,59.85,41.3,25.0
84.02,1500.0,1390.39,1280.92,1171.77,1063.06,954.95,847.58,741.09,635.61,531.26,428.17,338.73,263.26,201.32,151.79,113.06,83.19,60.05,41.4,25.0
84.27,1500.0,1390.45,1281.06,1171.97,1063.33,955.28,847.97,741.54,636.12,531.82,428.78,339.36,263.87,201.88,152.27,113.46,83.5,60.25,41.5,25.0
84.52,1500.0,1390.52,1281.2,1172.17,1063.6,955.61,848.37,742.0,636.63,532.39,429.39,339.99,264.48,202.43,152.76,113.86,83.8,60.45,41.6,25.0
84.76,1500.0,1390.59,1281.33,1172.37,1063.86,955.95,848.76,742.45,637.13,532.95,430.01,340.61,265.09,202.99,153.24,114.25,84.1,60.66,41.7,25.0
85.01,1500.0,1390.66,1281.47,1172.58,1064.13,956.28,849.15,742.9,637.64,533.51,430.62,341.24,265.69,203.55,153.73,114.65,84.4,60.86,41.81,25.0
85.26,1500.0,1390.73,1281.6,1172.78,1064.4,956.6,849.54,743.35,638.15,534.07,431.22,341.86,266.29,204.1,154.21,115.05,84.7,61.06,41.91,25.0
85.51,1500.0,1390.79,1281.74,1172.98,1064.66,956.93,849.93,743.8,638.65,534.62,431.83,342.48,266.89,204.65,154.69,115.45,85.01,61.26,42.01,25.0
85.76,1500.0,1390.86,1281.87,1173.18,1064.93,957.26,850.32,744.24,639.15,535.18,432.44,343.1,267.5,205.21,155.17,115.84,85.31,61.46,42.11,25.0
86.01,1500.0,1390.93,1282.0,1173.38,1065.19,957.59,850.71,744.69,639.65,535.73,433.04,343.72,268.09,205.76,155.66,116.24,85.61,61.67,42.21,25.0
86.26,1500.0,1390.99,1282.14,1173.57,1065.45,957.91,851.09,745.13,640.15,536.29,433.64,344.33,268.69,206.31,156.14,116.63,85.91,61.87,42.31,25.0
86.51,1500.0,1391.06,1282.27,1173.77,1065.71,958.24,851.48,745.58,640.65,536.84,434.24,344.95,269.29,206.86,156.62,117.03,86.21,62.07,42.41,25.0
86.76,1500.0,1391.13,1282.4,1173.97,1065.98,958.56,851.86,746.02,641.15,537.39,434.84,345.56,269.88,207.41,157.1,117.42,86.51,62.27,42.51,25.0
87.01,1500.0,1391.19,1282.53,1174.17,1066.24,958.88,852.25,746.46,641.65,537.93,435.44,346.17,270.48,207.95,157.58,117.82,86.81,62.47,42.61,25.0
87.26,1500.0,1391.26,1282.67,1174.36,1066.5,959.21,852.63,746.9,642.14,538.48,436.03,346.78,271.07,208.5,158.05,118.21,87.11,62.68,42.72,25.0
87.51,1500.0,1391.33,1282.8,1174.56,1066.76,959.53,853.01,747.34,642.63,539.03,436.63,347.39,271.66,209.05,158.53,118.6,87.41,62.88,42.82,25.0
87.76,1500.0,1391.39,1282.93,1174.75,1067.01,959.85,853.39,747.77,643.13,539.57,437.22,348.0,272.25,209.59,159.01,119.0,87.71,63.08,42.92,25.0
88.01,1500.0,1391.46,1283.06,1174.95,1067.27,960.17,853.77,748.21,643.62,540.11,437.81,348.61,272.84,210.13,159.48,119.39,88.01,63.28,43.02,25.0
88.25,1500.0,1391.52,1283.19,1175.14,1067.53,960.48,854.15,748.64,644.11,540.65,438.4,349.21,273.43,210.68,159.96,119.78,88.31,63.48,43.12,25.0
88.5,1500.0,1391.59,1283.32,1175.34,1067.79,960.8,854.52,749.08,644.59,541.19,438.99,349.81,274.02,211.22,160.43,120.17,88.61,63.68,43.22,25.0
88.75,1500.0,1391.65,1283.45,1175.53,1068.04,961.12,854.9,749.51,645.08,541.73,439.57,350.42,274.6,211.76,160.91,120.57,88.91,63.88,43.32,25.0
89.0,1500.0,1391.72,1283.58,1175.72,1068.3,961.43,855.27,749.94,645.57,542.27,440.16,351.02,275.18,212.3,161.38,120.96,89.21,64.08,43.42,25.0
89.25,1500.0,1391.78,1283.71,1175.92,1068.55,961.75,855.65,750.37,646.05,542.8,440.74,351.62,275.77,212.84,161.85,121.35,89.5,64.28,43.52,25.0
89.5,1500.0,1391.85,1283.83,1176.11,1068.8,962.06,856.02,750.8,646.53,543.34,441.32,352.21,276.35,213.37,162.32,121.74,89.8,64.48,43.62,25.0
89.75,1500.0,1391.91,1283.96,1176.3,1069.06,962.38,856.39,751.23,647.02,543.87,441.9,352.81,276.93,213.91,162.79,122.13,90.1,64.69,43.72,25.0
90.0,1500.0,1391.97,1284.09,1176.49,1069.31,962.69,856.76,751.66,647.5,544.4,442.48,353.4,277.51,214.45,163.26,122.51,90.4,64.89,43.82,25.0
90.25,1500.0,1392.04,1284.22,1176.68,1069.56,963.0,857.13,752.08,647.98,544.93,443.06,354.0,278.08,214.98,163.73,122.9,90.69,65.09,43.93,25.0
90.5,1500.0,1392.1,1284.34,1176.87,1069.81,963.31,857.5,752.51,648.45,545.46,443.64,354.59,278.66,215.51,164.2,123.29,90.99,65.29,44.03,25.0
90.75,1500.0,1392.16,1284.47,1177.06,1070.06,963.62,857.87,752.93,648.93,545.99,444.21,355.18,279.24,216.05,164.67,123.68,91.29,65.49,44.13,25.0
91.0,1500.0,1392.23,1284.6,1177.25,1070.31,963.93,858.24,753.35,649.41,546.51,444.79,355.77,279.81,216.58,165.14,124.07,91.58,65.69,44.23,25.0
91.25,1500.0,1392.29,1284.72,1177.43,1070.56,964.24,858.6,753.77,649.88,547.04,445.36,356.36,280.38,217.11,165.6,124.45,91.88,65.89,44.33,25.0
91.5,1500.0,1392.35,1284.85,1177.62,1070.81,964.55,858.97,754.19,650.35,547.56,445.93,356.94,280.95,217.64,166.07,124.84,92.18,66.09,44.43,25.0
91.75,1500.0,1392.42,1284.97,1177.81,1071.06,964.85,859.33,754.61,650.82,548.08,446.5,357.53,281.52,218.17,166.54,125.22,92.47,66.29,44.53,25.0
91.99,1500.0,1392.48,1285.1,1177.99,1071.3,965.16,859.69,755.03,651.3,548.6,447.07,358.11,282.09,218.7,167.0,125.61,92.77,66.48,44.63,25.0
92.24,1500.0,1392.54,1285.22,1178.18,1071.55,965.46,860.05,755.45,651.76,549.12,447.63,358.69,282.66,219.22,167.46,125.99,93.06,66.68,44.73,25.0
92.49,1500.0,1392.6,1285.35,1178.37,1071.79,965.77,860.42,755.86,652.23,549.64,448.2,359.27,283.23,219.75,167.93,126.38,93.36,66.88,44.83,25.0
92.74,1500.0,1392.67,1285.47,1178.55,1072.04,966.07,860.78,756.28,652.7,550.16,448.76,359.85,283.79,220.27,168.39,126.76,93.65,67.08,44.93,25.0
92.99,1500.0,1392.73,1285.59,1178.74,1072.28,966.37,861.14,756.69,653.17,550.67,449.32,360.43,284.36,220.8,168.85,127.15,93.95,67.28,45.03,25.0
93.24,1500.0,1392.79,1285.72,1178.92,1072.53,966.68,861.49,757.1,653.63,551.19,449.88,361.01,284.92,221.32,169.31,127.53,94.24,67.48,45.13,25.0
93.49,1500.0,1392.85,1285.84,1179.1,1072.77,966.98,861.85,757.52,654.09,551.7,450.44,361.58,285.48,221.84,169.77,127.91,94.53,67.68,45.23,25.0
93.74,1500.0,1392.91,1285.96,1179.29,1073.01,967.28,862.21,757.93,654.56,552.21,451.0,362.16,286.04,222.36,170.23,128.29,94.83,67.88,45.33,25.0
93.99,1500.0,1392.98,1286.09,1179.47,1073.25,967.58,862.56,758.34,655.02,552.72,451.56,362.73,286.6,222.88,170.69,128.67,95.12,68.07,45.43,25.0
94.24,1500.0,1393.04,1286.21,1179.65,1073.5,967.88,862.92,758.74,655.48,553.23,452.11,363.3,287.16,223.4,171.15,129.05,95.41,68.27,45.53,25.0
94.49,1500.0,1393.1,1286.33,1179.83,1073.74,968.17,863.27,759.15,655.94,553.74,452.67,363.87,287.72,223.92,171.6,129.43,95.71,68.47,45.63,25.0
94.74,1500.0,1393.16,1286.45,1180.01,1073.98,968.47,863.62,759.56,656.39,554.24,453.22,364.44,288.27,224.43,172.06,129.81,96.0,68.67,45.73,25.0
94.99,1500.0,1393.22,1286.57,1180.19,1074.21,968.77,863.98,759.96,656.85,554.75,453.77,365.01,288.83,224.95,172.52,130.19,96.29,68.87,45.83,25.0
95.24,1500.0,1393.28,1286.69,1180.37,1074.45,969.06,864.33,760.37,657.31,555.25,454.32,365.57,289.38,225.47,172.97,130.57,96.58,69.06,45.93,25.0
95.48,1500.0,1393.34,1286.81,1180.55,1074.69,969.36,864.68,760.77,657.76,555.76,454.87,366.14,289.93,225.98,173.43,130.95,96.87,69.26,46.03,25.0
95.73,1500.0,1393.4,1286.93,1180.73,1074.93,969.65,865.03,761.17,658.21,556.26,455.42,366.7,290.49,226.49,173.88,131.33,97.16,69.46,46.13,25.0
95.98,1500.0,1393.46,1287.05,1180.91,1075.17,969.94,865.37,761.58,658.67,556.76,455.96,367.27,291.04,227.0,174.33,131.71,97.45,69.65,46.22,25.0
96.23,1500.0,1393.52,1287.17,1181.09,1075.4,970.24,865.72,761.98,659.12,557.26,456.51,367.83,291.58,227.52,174.78,132.08,97.74,69.85,46.32,25.0
96.48,1500.0,1393.58,1287.29,1181.27,1075.64,970.53,866.07,762.37,659.57,557.76,457.05,368.39,292.13,228.03,175.24,132.46,98.03,70.05,46.42,25.0
96.73,1500.0,1393.64,1287.41,1181.44,1075.87,970.82,866.41,762.77,660.02,558.25,457.59,368.94,292.68,228.54,175.69,132.84,98.32,70.24,46.52,25.0
96.98,1500.0,1393.7,1287.53,1181.62,1076.11,971.11,866.76,763.17,660.46,558.75,458.13,369.5,293.22,229.04,176.14,133.21,98.61,70.44,46.62,25.0
97.23,1500.0,1393.76,1287.65,1181.8,1076.34,971.4,867.1,763.57,660.91,559.24,458.67,370.06,293.77,229.55,176.59,133.59,98.9,70.64,46.72,25.0
97.48,1500.0,1393.82,1287.76,1181.97,1076.57,971.69,867.45,763.96,661.36,559.74,459.21,370.61,294.31,230.06,177.03,133.96,99.19,70.83,46.82,25.0
97.73,1500.0,1393.88,1287.88,1182.15,1076.81,971.98,867.79,764.36,661.8,560.23,459.75,371.17,294.85,230.56,177.48,134.33,99.48,71.03,46.92,25.0
97.98,1500.0,1393.93,1288.0,1182.32,1077.04,972.26,868.13,764.75,662.24,560.72,460.28,371.72,295.4,231.07,177.93,134.71,99.77,71.22,47.02,25.0
98.23,1500.0,1393.99,1288.12,1182.5,1077.27,972.55,868.47,765.14,662.68,561.21,460.82,372.27,295.93,231.57,178.37,135.08,100.06,71.42,47.11,25.0
98.48,1500.0,1394.05,1288.23,1182.67,1077.5,972.84,868.81,765.53,663.13,561.7,461.35,372.82,296.47,232.07,178.82,135.45,100.34,71.61,47.21,25.0
98.73,1500.0,1394.11,1288.35,1182.85,1077.73,973.12,869.15,765.92,663.57,562.18,461.88,373.37,297.01,232.57,179.27,135.82,100.63,71.81,47.31,25.0
98.98,1500.0,1394.17,1288.47,1183.02,1077.96,973.41,869.49,766.31,664.0,562.67,462.41,373.91,297.55,233.08,179.71,136.19,100.92,72.0,47.41,25.0
99.22,1500.0,1394.23,1288.58,1183.19,1078.19,973.69,869.82,766.7,664.44,563.15,462.94,374.46,298.08,233.58,180.15,136.57,101.2,72.2,47.51,25.0
99.47,1500.0,1394.28,1288.7,1183.37,1078.42,973.97,870.16,767.09,664.88,563.64,463.47,375.0,298.62,234.07,180.6,136.94,101.49,72.39,47.61,25.0
99.72,1500.0,1394.34,1288.81,1183.54,1078.64,974.26,870.49,767.48,665.32,564.12,463.99,375.55,299.15,234.57,181.04,137.3,101.77,72.59,47.7,25.0
